36.17
35.68
36.17
35.68
35.68
36.17
35.68
35.68
36.17
36.17
36.17
35.68
35.68
35.68
36.17
35.68
36.17
35.68
36.17
36.17
35.68
36.17
35.68
36.17
36.17
36.17
35.68
36.17
36.17
36.17
35.68
36.17
36.17
36.17
36.17
36.17
35.68
36.17
36.17
36.17
36.17
36.17
36.17
36.17
36.17
36.17
36.17
36.17
36.17
36.17
36.17
36.17
36.17
36.17
36.17
36.17
36.17
36.17
36.17
36.17
36.17
36.17
35.68
36.17
36.17
36.17
36.17
36.17
36.17
36.17
36.17
36.17
36.66
36.17
36.17
36.17
36.17
36.66
36.17
36.66
36.66
36.66
37.15
36.17
36.66
36.66
36.66
36.66
36.66
36.66
36.66
37.15
36.66
37.15
36.66
36.66
36.66
36.66
36.66
37.15
36.66
37.15
37.15
37.15
37.15
37.15
37.15
37.15
37.15
37.15
36.66
37.15
37.63
37.15
37.15
37.15
37.15
36.66
37.15
37.15
37.15
37.63
37.15
37.15
37.15
37.15
37.15
37.15
37.15
37.15
37.15
37.15
37.15
37.15
37.15
37.15
37.15
37.15
37.63
37.15
37.15
37.63
37.63
37.15
37.63
37.15
37.15
37.15
37.15
37.63
37.63
37.15
37.15
37.63
37.63
37.15
37.63
37.63
37.15
37.63
37.63
37.63
37.63
37.63
37.63
38.12
37.63
37.63
37.63
37.63
37.63
37.63
37.63
37.63
37.63
37.63
37.63
37.63
37.63
37.63
37.63
37.63
37.63
37.63
37.63
38.12
38.12
37.63
38.12
37.63
38.12
38.61
38.12
37.63
38.12
38.12
38.12
38.12
38.12
37.63
37.63
38.12
38.12
38.12
38.12
38.12
38.12
38.12
38.61
38.12
38.12
38.12
38.12
38.12
38.12
38.61
38.12
38.12
38.12
38.12
38.12
38.61
38.12
38.61
38.61
38.61
38.61
38.61
38.61
38.61
38.61
38.61
38.61
38.61
38.61
38.61
38.61
38.61
38.61
39.10
38.61
39.10
39.10
39.10
39.10
39.10
39.10
38.61
38.61
38.61
39.10
39.10
39.10
39.10
39.10
39.10
39.10
39.10
39.10
39.10
39.10
39.10
39.10
38.61
39.10
39.10
39.10
39.10
39.10
39.10
39.10
39.10
39.10
39.10
39.10
39.10
39.10
39.59
39.10
39.10
39.10
39.59
39.59
39.10
39.10
39.59
39.10
39.10
39.59
39.59
39.10
39.10
39.10
39.59
39.10
39.10
39.10
39.59
39.59
39.10
39.59
39.59
39.59
39.59
39.59
39.59
39.59
39.59
39.59
39.59
39.59
39.59
39.59
39.59
39.59
39.59
40.08
39.59
39.59
40.08
39.59
40.08
40.08
40.08
39.59
39.59
39.59
39.59
39.59
40.08
40.08
39.59
40.08
40.08
39.59
40.08
39.59
39.59
39.59
40.08
40.08
40.08
39.59
39.59
40.08
39.59
40.08
40.08
40.08
40.08
40.08
40.08
40.08
40.08
40.08
40.08
40.08
40.57
40.08
40.08
40.08
40.08
40.08
40.08
40.57
40.08
40.57
40.08
40.57
40.57
40.08
40.08
40.57
40.57
40.08
40.08
40.57
40.57
40.57
40.57
40.57
40.57
40.57
40.57
40.57
40.57
40.57
40.57
40.57
40.57
40.57
40.57
40.57
40.57
40.57
41.06
41.06
40.57
40.57
40.57
40.57
40.57
40.57
41.06
40.57
41.06
40.57
40.57
40.57
40.57
40.57
40.57
41.06
40.57
41.06
40.57
40.57
40.57
40.57
40.57
41.06
40.57
40.57
40.57
40.57
40.57
40.57
40.57
40.57
40.57
40.57
40.57
40.57
41.06
40.57
40.57
40.57
40.57
40.57
41.06
41.06
40.57
40.57
40.57
40.57
40.57
40.57
40.57
40.57
40.57
41.06
41.06
40.57
40.57
40.57
40.57
41.06
41.06
40.57
40.57
41.06
41.54
40.57
41.06
41.06
41.06
41.06
40.57
40.57
41.06
41.06
41.06
41.06
41.06
41.06
41.06
41.06
41.06
41.06
41.06
41.06
41.06
41.54
41.54
41.54
41.54
41.06
41.54
41.54
41.54
41.54
41.54
41.54
41.54
41.54
41.54
42.03
41.54
41.54
41.54
41.54
41.54
41.54
41.54
42.03
41.54
41.54
41.54
42.03
42.03
42.03
42.03
42.03
42.03
42.03
41.54
42.03
42.03
42.52
42.03
42.03
42.03
42.03
42.03
42.52
42.52
42.03
42.03
42.03
42.03
42.03
42.52
42.03
42.03
42.03
42.03
42.03
42.52
42.03
42.03
42.03
42.03
41.54
42.03
42.03
42.03
42.03
42.03
42.52
42.52
42.52
42.03
42.03
42.52
42.03
42.03
42.03
42.03
42.03
42.52
42.52
42.03
42.03
42.03
42.03
42.03
42.52
42.52
42.52
42.03
42.03
42.03
42.03
42.03
42.03
42.03
42.03
42.03
42.03
42.03
42.03
42.52
42.52
42.52
42.52
42.03
42.52
42.52
42.52
42.03
42.03
42.52
42.52
42.03
42.52
42.03
42.03
42.52
42.52
42.52
42.52
42.52
42.52
42.52
42.03
42.52
42.52
42.52
42.52
42.52
42.52
43.01
42.52
42.52
43.01
43.01
42.52
43.01
43.01
43.01
43.01
43.01
43.01
43.01
43.01
43.01
42.52
43.01
43.01
43.01
43.01
42.52
43.01
43.01
43.50
43.01
43.01
43.01
43.01
43.01
43.50
43.01
43.01
43.01
43.50
43.50
43.50
43.50
43.50
43.50
43.50
43.50
43.50
43.99
43.50
43.99
43.50
43.99
43.99
43.50
43.50
43.99
43.99
44.48
43.50
44.48
43.99
43.50
43.99
44.48
43.99
43.99
43.99
44.48
43.99
43.99
43.99
43.99
43.99
43.99
44.48
43.99
43.99
43.99
44.48
43.99
43.99
43.99
43.99
43.99
43.99
44.48
43.99
43.99
44.48
44.48
44.48
44.48
44.48
44.48
44.48
44.48
44.48
44.48
44.48
44.48
44.48
44.48
44.48
44.48
44.48
44.48
44.48
44.48
44.48
44.48
44.48
44.48
44.97
44.48
44.97
44.48
44.48
44.97
44.48
44.97
44.48
44.97
44.97
44.48
44.97
44.48
44.97
44.48
44.97
44.97
44.97
44.97
44.48
44.97
44.97
44.97
44.97
44.97
45.45
44.97
44.97
44.97
44.97
44.97
44.97
44.97
44.97
44.97
44.97
44.97
44.97
44.97
44.97
44.97
44.97
44.97
44.97
44.97
44.97
44.97
44.97
44.97
44.97
45.45
44.97
45.45
45.45
44.97
44.97
45.45
44.97
44.97
44.97
44.97
45.45
45.45
44.97
44.97
45.45
45.45
44.97
45.45
45.45
45.45
45.45
45.45
45.45
44.97
45.45
45.45
45.45
45.45
45.45
45.45
45.45
45.45
45.45
45.45
45.45
45.45
45.45
45.45
45.45
45.45
45.45
45.94
45.45
45.45
45.94
45.45
45.94
45.94
45.94
45.94
45.94
45.94
45.94
45.94
45.94
45.94
45.45
45.94
45.94
45.94
45.94
45.94
45.94
45.94
45.94
46.43
46.43
45.94
45.94
46.43
46.43
46.43
46.43
46.43
46.43
46.92
46.43
46.92
46.92
46.92
46.92
46.92
46.92
46.92
46.92
46.92
46.92
46.92
46.92
46.92
46.92
47.41
46.92
47.41
47.41
47.41
47.41
47.41
47.41
47.41
47.41
47.41
47.41
47.90
47.90
47.41
47.41
47.90
47.90
47.90
47.90
47.90
47.90
47.90
47.90
48.39
47.90
47.90
48.39
48.39
48.39
48.39
48.39
48.39
48.39
48.39
48.88
48.39
48.39
48.88
48.39
48.88
48.88
48.88
48.39
48.88
48.88
48.88
48.88
48.88
48.88
48.88
48.88
48.88
48.88
48.88
48.88
48.88
48.88
49.36
49.36
49.36
48.88
49.36
49.36
49.36
49.36
49.36
49.85
49.36
49.36
49.85
49.85
49.36
49.36
49.36
49.85
49.85
49.85
49.85
49.85
49.85
49.85
49.85
49.85
50.34
50.34
50.34
50.34
50.34
50.34
50.34
50.83
50.34
50.83
50.83
50.83
50.83
51.32
51.32
51.32
51.32
51.81
52.30
52.30
52.30
52.30
52.30
52.79
52.79
52.79
53.27
53.27
53.27
53.76
53.76
53.76
53.76
53.76
53.76
54.25
60.12
63.05
65.98
67.94
69.40
70.38
71.36
72.34
179.37
177.42
182.31
179.86
177.91
177.91
182.80
186.71
178.89
181.33
183.28
187.68
195.99
197.95
200.39
202.83
196.48
200.88
199.41
200.88
200.88
234.60
206.74
172.53
166.67
162.76
135.87
152.98
164.22
90.42
88.95
87.49
87.00
