28.35
28.35
28.84
28.35
28.35
28.35
28.84
28.84
28.84
28.35
28.35
28.84
29.33
29.33
28.84
28.84
29.33
28.84
28.84
28.84
29.33
29.33
29.33
29.33
29.33
28.84
29.33
29.33
29.33
29.81
29.81
29.81
29.81
29.33
29.81
29.81
29.81
29.81
30.30
29.81
29.81
29.81
29.81
29.81
29.81
29.81
29.81
29.81
30.30
30.30
30.30
30.30
30.30
30.30
30.30
30.30
30.30
30.30
30.30
30.30
30.79
30.79
30.79
30.79
30.30
30.30
30.79
30.79
30.79
30.79
30.79
30.79
30.79
30.79
30.79
30.79
31.28
31.28
31.28
31.28
31.28
31.77
31.28
31.28
31.28
31.77
31.77
31.77
31.77
31.28
31.77
31.77
31.77
31.77
31.77
31.77
31.77
31.77
32.26
32.26
32.26
32.26
32.26
32.75
32.26
32.26
32.26
32.26
32.26
32.26
32.26
32.26
32.26
32.26
32.26
32.75
32.75
32.75
32.26
32.75
32.26
32.75
33.24
32.75
32.75
32.75
32.75
32.75
32.75
32.75
32.75
32.75
32.75
32.75
32.75
32.26
32.75
32.75
32.75
32.75
32.26
32.75
32.75
32.75
32.75
32.75
32.75
32.75
32.75
33.24
32.75
32.75
33.24
33.24
33.24
33.24
33.24
33.24
33.24
33.24
33.24
33.24
33.24
33.24
33.24
33.24
33.24
33.24
33.24
33.24
33.24
33.24
33.24
33.24
33.72
33.24
33.72
33.72
33.72
33.72
33.72
33.72
33.72
33.72
33.72
33.72
34.21
33.72
33.72
33.72
33.72
33.72
33.72
33.72
33.72
33.72
33.72
33.72
33.72
33.72
33.72
33.72
33.72
33.72
33.72
33.72
33.72
33.72
33.72
33.72
33.72
33.72
33.72
33.72
33.72
34.21
33.72
33.72
33.72
34.21
33.72
33.72
33.72
33.72
33.72
33.72
33.72
33.72
33.72
33.72
33.72
33.72
33.72
33.72
33.72
33.72
33.72
33.72
34.21
34.21
33.72
34.21
34.21
34.70
34.21
34.21
34.21
34.70
34.21
34.70
34.21
34.21
34.21
34.70
34.21
34.21
34.70
34.70
34.70
34.70
34.70
34.70
34.70
34.70
34.70
34.70
34.70
34.70
34.70
34.70
34.70
34.70
35.19
35.19
35.19
35.19
35.19
35.19
35.19
35.19
35.19
35.19
35.19
35.19
35.68
35.19
35.68
35.68
35.68
35.68
35.68
36.17
36.17
36.17
36.17
36.17
36.17
36.17
36.17
36.17
36.17
36.66
36.66
36.66
36.66
36.66
37.15
36.66
36.66
36.66
36.66
36.66
36.66
37.15
37.15
37.15
37.15
37.15
37.15
37.15
37.15
37.15
37.63
37.15
37.63
37.63
37.63
37.63
37.63
37.63
37.63
37.63
37.63
37.63
37.63
38.12
37.63
38.12
38.12
38.12
38.12
38.12
38.61
38.12
38.61
38.61
38.61
38.61
38.12
38.61
38.61
38.61
38.61
38.61
38.61
38.61
39.10
39.10
39.10
39.10
38.61
39.10
39.10
39.10
39.59
39.59
39.59
39.59
39.10
39.10
39.59
39.59
39.59
39.59
39.59
39.59
39.59
39.59
39.59
39.59
39.59
40.08
40.08
40.08
40.08
39.59
39.59
40.08
40.08
40.08
40.57
40.08
40.08
40.08
40.08
40.08
40.08
40.57
40.57
40.08
40.57
40.57
40.57
40.57
40.57
40.57
40.57
40.57
41.06
40.57
40.57
40.57
40.57
41.06
40.57
40.57
40.57
40.57
41.06
41.06
41.06
41.06
40.57
41.06
41.06
41.06
41.06
40.57
41.06
41.06
41.06
41.06
41.06
41.06
41.06
41.06
41.06
41.06
41.06
41.06
41.06
40.57
41.06
41.06
41.06
41.06
41.06
41.54
41.06
41.06
41.06
41.06
41.54
41.06
41.06
41.54
41.06
41.54
41.54
41.54
41.54
41.54
41.06
41.54
41.54
41.54
41.54
41.54
41.54
41.54
42.03
41.54
42.03
41.54
42.03
42.03
41.54
42.03
42.03
41.54
42.52
42.03
42.03
42.03
42.03
42.03
42.03
42.03
42.03
42.03
42.52
42.03
42.03
42.52
42.03
42.03
42.52
42.03
42.03
42.52
42.03
42.03
42.03
42.03
42.03
42.52
42.03
42.03
42.03
42.52
42.52
42.52
42.52
42.52
42.52
42.52
42.52
42.52
42.52
42.52
42.52
43.01
42.52
42.52
42.52
42.52
42.52
43.01
42.52
42.52
42.52
43.01
43.01
42.52
42.52
43.01
43.01
43.01
43.01
43.01
43.01
43.01
43.01
43.50
43.01
43.50
43.50
43.50
43.99
43.50
43.50
43.50
43.50
43.50
43.50
43.50
43.50
43.50
43.50
43.99
43.50
43.99
43.50
43.50
43.50
43.99
43.99
43.99
43.99
43.99
43.99
43.99
43.99
43.99
43.99
43.99
44.48
43.99
43.99
43.99
43.99
43.99
43.99
44.48
43.99
44.48
44.48
44.48
44.48
44.48
44.48
44.48
44.48
44.48
44.48
44.97
44.48
44.48
44.48
44.48
44.48
44.48
44.48
44.97
44.97
44.48
44.48
44.97
44.97
44.97
44.97
44.97
44.97
45.45
44.97
44.97
45.45
44.97
45.45
44.97
45.45
45.45
45.45
45.45
45.45
45.45
45.45
45.45
45.45
45.45
45.45
45.45
45.45
45.45
45.45
45.45
45.45
45.45
45.45
45.45
45.45
45.45
45.45
45.45
45.45
45.45
45.45
45.45
45.45
45.45
45.45
45.45
45.45
45.45
45.45
45.45
45.94
45.45
45.45
45.45
45.45
45.45
45.45
45.45
45.45
45.45
45.94
45.94
45.94
45.94
45.94
45.94
45.94
45.94
45.94
45.94
45.45
45.94
45.94
45.94
45.94
45.94
45.94
45.94
45.45
45.94
45.94
45.94
45.94
45.45
45.94
45.94
45.45
45.94
46.43
45.94
45.94
45.45
45.94
45.94
45.94
45.94
45.94
45.94
45.94
45.94
45.94
45.94
45.94
45.94
45.45
45.94
45.45
45.45
45.94
45.45
45.45
45.45
45.45
45.94
45.45
45.45
45.94
45.45
45.45
45.94
45.45
45.45
45.94
45.45
45.45
45.45
45.45
45.94
45.45
45.45
45.45
45.45
45.45
45.45
45.45
45.45
45.45
45.45
45.45
45.45
45.45
45.45
45.45
45.45
45.45
45.45
45.45
45.94
45.94
45.45
45.45
45.94
45.45
45.45
45.94
45.45
45.45
45.94
45.45
45.45
45.45
45.45
45.45
45.45
45.45
45.45
45.45
45.45
45.45
45.45
45.45
45.45
45.45
45.45
45.94
45.45
45.45
45.45
45.45
45.94
45.45
45.45
45.45
45.45
45.45
45.45
45.45
45.45
45.45
45.94
45.45
45.45
45.45
45.45
45.45
45.94
45.94
45.94
45.94
45.94
45.94
45.94
45.94
45.94
46.43
45.94
45.94
46.43
46.43
45.94
46.43
46.43
46.43
46.43
46.43
46.43
46.43
46.43
46.43
46.92
46.92
46.43
46.43
46.43
46.43
46.43
46.92
46.43
46.92
46.92
46.92
46.92
46.92
46.92
46.92
46.92
47.41
46.92
46.92
47.41
47.41
47.41
47.41
46.92
47.41
47.41
47.41
47.41
47.41
47.41
47.90
47.90
47.90
47.90
48.39
48.39
48.39
48.39
48.39
47.90
48.39
48.39
48.39
48.39
48.39
48.88
48.88
48.88
48.88
48.88
48.88
49.36
48.88
48.88
48.88
48.88
49.36
49.36
49.36
49.36
49.36
49.85
49.85
51.32
54.25
56.70
59.14
60.61
62.07
63.54
64.03
64.52
65.00
65.49
65.98
66.47
66.47
66.96
66.47
66.96
67.45
67.94
67.94
67.94
67.94
68.43
68.43
68.91
68.91
68.91
68.91
68.91
69.40
69.40
69.40
69.89
70.38
70.38
70.38
70.38
70.87
70.87
70.87
70.87
71.36
71.36
71.36
71.85
71.85
72.34
72.83
72.83
72.83
72.83
73.31
73.31
73.31
73.80
74.29
74.78
75.27
74.78
75.76
75.76
76.25
76.25
76.74
77.22
77.22
77.71
78.20
78.20
78.69
79.18
79.67
79.67
80.16
80.65
80.65
81.13
81.62
82.11
82.11
82.60
83.09
83.09
83.58
84.07
84.56
84.56
84.56
85.04
85.53
86.02
86.02
86.51
87.00
87.98
87.98
87.98
88.95
88.95
89.44
88.95
89.44
89.93
90.42
90.91
90.91
90.91
91.40
91.40
91.89
91.89
91.89
92.38
91.89
92.38
92.86
92.38
92.38
92.86
92.38
92.38
92.38
92.86
92.86
93.35
93.35
93.35
93.35
93.35
93.35
93.35
92.86
92.86
92.38
92.38
92.38
92.38
92.38
91.89
91.89
90.91
90.91
89.93
88.95
